r_pop,0.0400147,-0.00544692,0.030691,-0.019611,0.0581983,-0.0786612,0.144939,-0.213387,0.286997,-0.326803,-0.0088458,0.0342156,0.0158661,-0.208903,-0.00427941
delta_pop,-0.00544692,0.0722471,-0.0816496,-0.0836119,-0.261411,0.295304,0.331127,0.509056,-0.661724,-0.668629,0.00240068,-0.0238342,0.0684543,-0.071858,-0.0026966
beta_delta_site_Rectum,0.030691,-0.0816496,0.17673,0.0812656,0.35878,-0.539512,-0.246623,-0.726851,1.39922,0.403221,-0.0401608,0.0868235,-0.0922022,-0.282857,-0.00240629
beta_delta_site_Saliva,-0.019611,-0.0836119,0.0812656,0.174233,0.305474,-0.342341,-0.757611,-0.58787,0.678169,1.55813,-0.00829146,0.00068062,-0.141215,0.337763,0.00912773
beta_pop,0.0581983,-0.261411,0.35878,0.305474,1.24389,-1.46842,-1.38641,-2.49534,3.4275,2.71832,-0.052237,0.155122,-0.314772,0.0365554,0.00838471
beta_beta_site_Rectum,-0.0786612,0.295304,-0.539512,-0.342341,-1.46842,2.11799,1.47297,2.95181,-5.05642,-2.79143,0.112422,-0.258964,0.414327,0.414172,-0.00131621
beta_beta_site_Saliva,0.144939,0.331127,-0.246623,-0.757611,-1.38641,1.47297,4.05836,2.64821,-2.64877,-8.4701,0.00262489,0.0776847,0.73252,-2.21046,-0.0563674
v_pop,-0.213387,0.509056,-0.726851,-0.58787,-2.49534,2.95181,2.64821,7.96,-9.64384,-7.85043,0.104988,-0.353699,0.70817,0.0102572,-0.0062898
beta_v_site_Rectum,0.286997,-0.661724,1.39922,0.678169,3.4275,-5.05642,-2.64877,-9.64384,18.1221,7.31642,-0.327003,0.843382,-1.04268,-2.25175,-0.0215143
beta_v_site_Saliva,-0.326803,-0.668629,0.403221,1.55813,2.71832,-2.79143,-8.4701,-7.85043,7.31642,22.4201,0.0510552,-0.231003,-1.62567,5.39527,0.119693
omega_r,-0.0088458,0.00240068,-0.0401608,-0.00829146,-0.052237,0.112422,0.00262489,0.104988,-0.327003,0.0510552,0.0325355,-0.0302744,0.019033,0.144007,0.00204396
omega_delta,0.0342156,-0.0238342,0.0868235,0.00068062,0.155122,-0.258964,0.0776847,-0.353699,0.843382,-0.231003,-0.0302744,0.0792298,-0.0301758,-0.370738,-0.00662587
omega_beta,0.0158661,0.0684543,-0.0922022,-0.141215,-0.314772,0.414327,0.73252,0.70817,-1.04268,-1.62567,0.019033,-0.0301758,0.231683,-0.250367,-0.0109244
omega_v,-0.208903,-0.071858,-0.282857,0.337763,0.0365554,0.414172,-2.21046,0.0102572,-2.25175,5.39527,0.144007,-0.370738,-0.250367,3.37834,0.0542651
a,-0.00427941,-0.0026966,-0.00240629,0.00912773,0.00838471,-0.00131621,-0.0563674,-0.0062898,-0.0215143,0.119693,0.00204396,-0.00662587,-0.0109244,0.0542651,0.00737018
