r_pop,1,-0.32844,-0.0535633,-0.245838,0.511812,0.162273,-0.0248347,0.0630593,-0.0360723
delta_pop,-0.32844,1,-0.17365,0.196112,-0.361961,-0.37098,-0.027899,-0.41016,0.100828
beta_pop,-0.0535633,-0.17365,1,-0.111447,-0.0764018,0.120307,0.0172193,0.076824,0.00219857
tau_pop,-0.245838,0.196112,-0.111447,1,0.194775,-0.584547,0.0138694,0.0598034,0.0405919
omega_r,0.511812,-0.361961,-0.0764018,0.194775,1,-0.157582,0.0129035,0.10284,-0.036863
omega_delta,0.162273,-0.37098,0.120307,-0.584547,-0.157582,1,-0.0259696,0.128621,-0.037563
omega_beta,-0.0248347,-0.027899,0.0172193,0.0138694,0.0129035,-0.0259696,1,0.0210238,0.0114085
omega_tau,0.0630593,-0.41016,0.076824,0.0598034,0.10284,0.128621,0.0210238,1,-0.0334712
a,-0.0360723,0.100828,0.00219857,0.0405919,-0.036863,-0.037563,0.0114085,-0.0334712,1
